Solution 1 for n=4: [2, 4, 1, 3]
Solution 2 for n=4: [3, 1, 4, 2]
Solution 1 for n=5: [1, 3, 5, 2, 4]
Solution 2 for n=5: [2, 4, 1, 3, 5]
Solution 3 for n=5: [3, 1, 4, 2, 5]
Solution 4 for n=5: [4, 1, 3, 5, 2]
Solution 5 for n=5: [5, 2, 4, 1, 3]
Solution 1 for n=6: [2, 4, 6, 1, 3, 5]
Solution 2 for n=6: [3, 6, 2, 5, 1, 4]
Solution 3 for n=6: [4, 1, 5, 2, 6, 3]
Solution 4 for n=6: [5, 3, 1, 6, 4, 2]
Solution 1 for n=7: [1, 3, 5, 7, 2, 4, 6]
Solution 2 for n=7: [2, 4, 1, 7, 5, 3, 6]
Solution 3 for n=7: [3, 1, 6, 2, 5, 7, 4]
Solution 4 for n=7: [4, 1, 3, 6, 2, 7, 5]
Solution 5 for n=7: [5, 1, 4, 7, 3, 6, 2]
Solution 6 for n=7: [6, 1, 3, 5, 7, 2, 4]
Solution 7 for n=7: [7, 2, 4, 6, 1, 3, 5]
Solution 1 for n=8: [1, 5, 8, 6, 3, 7, 2, 4]
Solution 2 for n=8: [2, 4, 6, 8, 3, 1, 7, 5]
Solution 3 for n=8: [3, 1, 7, 5, 8, 2, 4, 6]
Solution 4 for n=8: [4, 1, 5, 8, 2, 7, 3, 6]
Solution 5 for n=8: [5, 1, 4, 6, 8, 2, 7, 3]
Solution 6 for n=8: [6, 1, 5, 2, 8, 3, 7, 4]
Solution 7 for n=8: [7, 1, 3, 8, 6, 4, 2, 5]
Solution 8 for n=8: [8, 2, 4, 1, 7, 5, 3, 6]
Solution 1 for n=9: [1, 3, 6, 8, 2, 4, 9, 7, 5]
Solution 2 for n=9: [2, 4, 1, 7, 9, 6, 3, 5, 8]
Solution 3 for n=9: [3, 1, 4, 7, 9, 2, 5, 8, 6]
Solution 4 for n=9: [4, 1, 3, 6, 9, 2, 8, 5, 7]
Solution 5 for n=9: [5, 1, 6, 4, 2, 8, 3, 9, 7]
Solution 6 for n=9: [6, 1, 5, 2, 9, 7, 4, 8, 3]
Solution 7 for n=9: [7, 1, 4, 2, 8, 6, 9, 3, 5]
Solution 8 for n=9: [8, 1, 4, 6, 3, 9, 7, 5, 2]
Solution 9 for n=9: [9, 2, 5, 7, 1, 3, 8, 6, 4]
Solution 1 for n=10: [1, 3, 6, 8, 10, 5, 9, 2, 4, 7]
Solution 2 for n=10: [2, 4, 6, 8, 10, 1, 3, 5, 7, 9]
Solution 3 for n=10: [3, 1, 6, 9, 5, 10, 8, 4, 2, 7]
Solution 4 for n=10: [4, 1, 5, 8, 10, 3, 7, 9, 2, 6]
Solution 5 for n=10: [5, 1, 4, 9, 7, 2, 10, 3, 6, 8]
Solution 6 for n=10: [6, 1, 3, 10, 8, 2, 4, 9, 7, 5]
Solution 7 for n=10: [7, 1, 3, 6, 8, 10, 4, 9, 5, 2]
Solution 8 for n=10: [8, 1, 3, 6, 9, 7, 10, 4, 2, 5]
Solution 9 for n=10: [9, 1, 3, 8, 6, 2, 10, 5, 7, 4]
Solution 10 for n=10: [10, 1, 4, 6, 3, 9, 2, 8, 5, 7]
Solution 1 for n=11: [1, 3, 5, 7, 9, 11, 2, 4, 6, 8, 10]
Solution 2 for n=11: [2, 4, 1, 7, 10, 3, 11, 8, 5, 9, 6]
Solution 3 for n=11: [3, 1, 6, 2, 9, 11, 4, 8, 10, 5, 7]
Solution 4 for n=11: [4, 1, 3, 8, 2, 11, 9, 6, 10, 5, 7]
Solution 5 for n=11: [5, 1, 4, 9, 3, 8, 2, 11, 6, 10, 7]
Solution 6 for n=11: [6, 1, 3, 7, 9, 2, 5, 10, 4, 11, 8]
Solution 7 for n=11: [7, 1, 3, 5, 10, 8, 11, 2, 4, 6, 9]
Solution 8 for n=11: [8, 1, 3, 6, 9, 2, 10, 5, 7, 11, 4]
Solution 9 for n=11: [9, 1, 3, 5, 8, 10, 4, 6, 11, 2, 7]
Solution 10 for n=11: [10, 1, 3, 5, 7, 9, 11, 2, 4, 6, 8]
Solution 11 for n=11: [11, 1, 4, 6, 9, 3, 10, 8, 2, 5, 7]
Solution 1 for n=12: [1, 3, 5, 8, 10, 12, 6, 11, 2, 7, 9, 4]
Solution 2 for n=12: [2, 4, 1, 8, 11, 9, 12, 3, 5, 7, 10, 6]
Solution 3 for n=12: [3, 1, 6, 8, 10, 12, 4, 2, 5, 11, 9, 7]
Solution 4 for n=12: [4, 1, 3, 11, 7, 10, 12, 2, 5, 8, 6, 9]
Solution 5 for n=12: [5, 1, 4, 7, 10, 12, 3, 8, 11, 2, 6, 9]
Solution 6 for n=12: [6, 1, 3, 5, 11, 8, 10, 12, 4, 2, 7, 9]
Solution 7 for n=12: [7, 1, 3, 5, 8, 10, 12, 6, 11, 2, 4, 9]
Solution 8 for n=12: [8, 1, 3, 6, 9, 12, 10, 4, 2, 11, 5, 7]
Solution 9 for n=12: [9, 1, 3, 5, 10, 12, 4, 11, 7, 2, 6, 8]
Solution 10 for n=12: [10, 1, 3, 6, 9, 12, 2, 4, 7, 11, 8, 5]
Solution 11 for n=12: [11, 1, 3, 5, 2, 9, 12, 10, 7, 4, 6, 8]
Solution 12 for n=12: [12, 1, 3, 7, 9, 4, 2, 10, 6, 11, 5, 8]
Solution 1 for n=13: [1, 3, 5, 2, 9, 12, 10, 13, 4, 6, 8, 11, 7]
Solution 2 for n=13: [2, 4, 1, 7, 9, 12, 6, 13, 3, 5, 11, 8, 10]
Solution 3 for n=13: [3, 1, 4, 7, 12, 10, 13, 2, 5, 8, 11, 9, 6]
Solution 4 for n=13: [4, 1, 3, 5, 12, 8, 11, 13, 2, 6, 9, 7, 10]
Solution 5 for n=13: [5, 1, 4, 6, 12, 9, 2, 13, 7, 3, 11, 8, 10]
Solution 6 for n=13: [6, 1, 3, 7, 9, 12, 5, 2, 4, 11, 13, 8, 10]
Solution 7 for n=13: [7, 1, 3, 5, 2, 9, 12, 10, 13, 4, 6, 8, 11]
Solution 8 for n=13: [8, 1, 3, 6, 9, 2, 13, 11, 4, 7, 12, 10, 5]
Solution 9 for n=13: [9, 1, 3, 5, 7, 12, 10, 13, 4, 6, 8, 2, 11]
Solution 10 for n=13: [10, 1, 3, 5, 8, 2, 11, 13, 6, 12, 9, 7, 4]
Solution 11 for n=13: [11, 1, 3, 5, 8, 10, 13, 6, 2, 12, 7, 9, 4]
Solution 12 for n=13: [12, 1, 3, 5, 7, 9, 11, 13, 2, 4, 6, 8, 10]
Solution 13 for n=13: [13, 1, 3, 6, 11, 9, 4, 12, 10, 2, 7, 5, 8]
Solution 1 for n=14: [1, 3, 5, 7, 12, 10, 13, 4, 14, 9, 2, 6, 8, 11]
Solution 2 for n=14: [2, 4, 1, 8, 13, 9, 12, 14, 5, 10, 6, 11, 3, 7]
Solution 3 for n=14: [3, 1, 4, 7, 10, 12, 14, 2, 13, 6, 8, 5, 11, 9]
Solution 4 for n=14: [4, 1, 3, 9, 11, 13, 8, 12, 5, 2, 6, 14, 10, 7]
Solution 5 for n=14: [5, 1, 4, 6, 10, 12, 14, 8, 2, 13, 3, 7, 9, 11]
Solution 6 for n=14: [6, 1, 3, 5, 12, 9, 11, 14, 4, 2, 13, 8, 10, 7]
Solution 7 for n=14: [7, 1, 3, 5, 8, 13, 9, 12, 14, 4, 6, 10, 2, 11]
Solution 8 for n=14: [8, 1, 3, 6, 9, 11, 4, 14, 12, 5, 2, 13, 7, 10]
Solution 9 for n=14: [9, 1, 3, 5, 7, 10, 12, 14, 2, 13, 6, 8, 11, 4]
Solution 10 for n=14: [10, 1, 3, 5, 7, 11, 13, 6, 12, 14, 8, 4, 2, 9]
Solution 11 for n=14: [11, 1, 3, 5, 8, 12, 14, 2, 13, 7, 9, 4, 6, 10]
Solution 12 for n=14: [12, 1, 3, 5, 7, 14, 11, 13, 2, 6, 8, 10, 4, 9]
Solution 13 for n=14: [13, 1, 3, 5, 7, 14, 11, 2, 12, 6, 8, 10, 4, 9]
Solution 14 for n=14: [14, 1, 3, 5, 9, 13, 10, 4, 7, 12, 2, 6, 8, 11]
Solution 1 for n=15: [1, 3, 5, 2, 10, 12, 14, 4, 13, 9, 6, 15, 7, 11, 8]
Solution 2 for n=15: [2, 4, 1, 7, 5, 11, 14, 12, 15, 3, 8, 6, 9, 13, 10]
Solution 3 for n=15: [3, 1, 4, 7, 9, 12, 15, 13, 6, 2, 5, 8, 11, 14, 10]
Solution 4 for n=15: [4, 1, 3, 5, 7, 11, 13, 15, 2, 14, 8, 6, 9, 12, 10]
Solution 5 for n=15: [5, 1, 4, 6, 8, 13, 2, 14, 3, 15, 9, 12, 10, 7, 11]
Solution 6 for n=15: [6, 1, 3, 5, 7, 13, 10, 14, 2, 4, 15, 8, 11, 9, 12]
Solution 7 for n=15: [7, 1, 3, 5, 2, 10, 14, 11, 4, 15, 13, 6, 9, 12, 8]
Solution 8 for n=15: [8, 1, 3, 6, 2, 9, 11, 14, 4, 15, 12, 5, 7, 10, 13]
Solution 9 for n=15: [9, 1, 3, 5, 2, 8, 11, 14, 12, 15, 6, 4, 7, 10, 13]
Solution 10 for n=15: [10, 1, 3, 5, 7, 9, 14, 2, 13, 15, 6, 8, 11, 4, 12]
Solution 11 for n=15: [11, 1, 3, 5, 2, 9, 14, 10, 13, 15, 6, 4, 7, 12, 8]
Solution 12 for n=15: [12, 1, 3, 5, 2, 8, 11, 13, 15, 6, 14, 10, 7, 9, 4]
Solution 13 for n=15: [13, 1, 3, 5, 7, 4, 11, 14, 12, 15, 6, 8, 10, 2, 9]
Solution 14 for n=15: [14, 1, 3, 5, 7, 10, 13, 15, 12, 8, 6, 2, 9, 11, 4]
Solution 15 for n=15: [15, 1, 3, 5, 7, 12, 10, 13, 4, 14, 9, 2, 6, 8, 11]
Solution 1 for n=16: [1, 3, 5, 2, 13, 9, 14, 12, 15, 6, 16, 7, 4, 11, 8, 10]
Solution 2 for n=16: [2, 4, 1, 7, 9, 14, 12, 15, 6, 16, 11, 5, 3, 13, 10, 8]
Solution 3 for n=16: [3, 1, 4, 7, 9, 13, 15, 8, 14, 16, 2, 5, 11, 6, 10, 12]
Solution 4 for n=16: [4, 1, 3, 5, 10, 14, 9, 15, 13, 16, 8, 6, 11, 7, 2, 12]
Solution 5 for n=16: [5, 1, 4, 6, 8, 12, 14, 16, 2, 15, 3, 10, 7, 9, 11, 13]
Solution 6 for n=16: [6, 1, 3, 5, 7, 14, 10, 15, 13, 16, 2, 4, 8, 11, 9, 12]
Solution 7 for n=16: [7, 1, 3, 5, 8, 10, 14, 16, 11, 15, 4, 6, 9, 12, 2, 13]
Solution 8 for n=16: [8, 1, 3, 6, 2, 11, 16, 12, 15, 5, 14, 4, 9, 7, 13, 10]
Solution 9 for n=16: [9, 1, 3, 5, 2, 8, 12, 14, 16, 13, 15, 4, 7, 10, 6, 11]
Solution 10 for n=16: [10, 1, 3, 5, 2, 11, 15, 12, 16, 4, 7, 14, 6, 9, 13, 8]
Solution 11 for n=16: [11, 1, 3, 5, 2, 10, 12, 15, 4, 16, 14, 6, 9, 7, 13, 8]
Solution 12 for n=16: [12, 1, 3, 5, 2, 8, 15, 11, 14, 16, 6, 4, 7, 10, 13, 9]
Solution 13 for n=16: [13, 1, 3, 5, 2, 9, 12, 14, 16, 8, 15, 4, 7, 10, 6, 11]
Solution 14 for n=16: [14, 1, 3, 5, 2, 8, 11, 15, 12, 16, 6, 4, 7, 10, 13, 9]
Solution 15 for n=16: [15, 1, 3, 5, 2, 9, 14, 10, 13, 4, 16, 7, 11, 6, 8, 12]
Solution 16 for n=16: [16, 1, 3, 5, 2, 10, 12, 14, 4, 13, 9, 6, 15, 7, 11, 8]
Solution 1 for n=17: [1, 3, 5, 2, 8, 11, 15, 7, 16, 14, 17, 4, 6, 9, 12, 10, 13]
Solution 2 for n=17: [2, 4, 1, 3, 8, 11, 13, 16, 5, 17, 15, 6, 10, 14, 7, 9, 12]
Solution 3 for n=17: [3, 1, 4, 2, 8, 11, 13, 16, 5, 17, 15, 6, 10, 14, 7, 9, 12]
Solution 4 for n=17: [4, 1, 3, 5, 7, 11, 14, 17, 15, 8, 2, 16, 6, 9, 12, 10, 13]
Solution 5 for n=17: [5, 1, 4, 6, 3, 11, 13, 16, 2, 17, 14, 7, 10, 8, 15, 12, 9]
Solution 6 for n=17: [6, 1, 3, 5, 7, 12, 15, 2, 16, 14, 4, 8, 10, 17, 13, 11, 9]
Solution 7 for n=17: [7, 1, 3, 5, 2, 10, 14, 11, 17, 15, 4, 6, 9, 16, 13, 8, 12]
Solution 8 for n=17: [8, 1, 3, 6, 2, 11, 13, 17, 7, 14, 4, 15, 9, 5, 16, 10, 12]
Solution 9 for n=17: [9, 1, 3, 5, 2, 8, 11, 17, 14, 16, 4, 15, 7, 10, 13, 6, 12]
Solution 10 for n=17: [10, 1, 3, 5, 2, 4, 9, 13, 15, 17, 14, 16, 6, 8, 11, 7, 12]
Solution 11 for n=17: [11, 1, 3, 5, 2, 8, 10, 15, 17, 14, 16, 6, 9, 7, 13, 4, 12]
Solution 12 for n=17: [12, 1, 3, 5, 2, 8, 10, 13, 16, 14, 17, 4, 7, 9, 11, 6, 15]
Solution 13 for n=17: [13, 1, 3, 5, 2, 9, 12, 14, 16, 8, 15, 4, 7, 10, 17, 11, 6]
Solution 14 for n=17: [14, 1, 3, 5, 2, 8, 10, 13, 15, 17, 9, 16, 6, 4, 11, 7, 12]
Solution 15 for n=17: [15, 1, 3, 5, 2, 11, 13, 6, 17, 12, 14, 16, 8, 4, 9, 7, 10]
Solution 16 for n=17: [16, 1, 3, 5, 7, 4, 11, 13, 15, 17, 14, 2, 9, 6, 8, 10, 12]
Solution 17 for n=17: [17, 1, 3, 5, 7, 9, 12, 14, 16, 4, 15, 8, 11, 2, 6, 13, 10]
Solution 1 for n=18: [1, 3, 5, 2, 8, 15, 12, 16, 13, 17, 6, 18, 7, 4, 11, 9, 14, 10]
Solution 2 for n=18: [2, 4, 1, 3, 8, 12, 14, 16, 18, 6, 15, 17, 10, 5, 7, 9, 11, 13]
Solution 3 for n=18: [3, 1, 4, 2, 8, 12, 14, 16, 18, 6, 15, 17, 10, 5, 7, 9, 11, 13]
Solution 4 for n=18: [4, 1, 3, 5, 7, 11, 15, 18, 16, 14, 17, 8, 2, 9, 6, 13, 10, 12]
Solution 5 for n=18: [5, 1, 4, 6, 3, 11, 15, 17, 12, 16, 18, 8, 2, 14, 9, 7, 10, 13]
Solution 6 for n=18: [6, 1, 3, 5, 7, 10, 14, 16, 18, 13, 17, 2, 4, 8, 11, 9, 12, 15]
Solution 7 for n=18: [7, 1, 3, 5, 2, 9, 16, 13, 17, 14, 18, 10, 15, 6, 4, 11, 8, 12]
Solution 8 for n=18: [8, 1, 3, 6, 2, 9, 13, 17, 14, 18, 15, 7, 11, 4, 16, 5, 10, 12]
Solution 9 for n=18: [9, 1, 3, 5, 2, 8, 16, 12, 15, 17, 14, 7, 18, 4, 6, 10, 13, 11]
Solution 10 for n=18: [10, 1, 3, 5, 2, 8, 12, 14, 17, 13, 18, 16, 4, 6, 9, 11, 15, 7]
Solution 11 for n=18: [11, 1, 3, 5, 2, 8, 12, 17, 13, 16, 18, 15, 4, 7, 9, 14, 6, 10]
Solution 12 for n=18: [12, 1, 3, 5, 2, 8, 11, 15, 18, 16, 14, 17, 4, 7, 9, 6, 13, 10]
Solution 13 for n=18: [13, 1, 3, 5, 2, 4, 16, 10, 15, 17, 14, 7, 18, 8, 6, 12, 9, 11]
Solution 14 for n=18: [14, 1, 3, 5, 2, 4, 18, 10, 15, 13, 16, 7, 17, 8, 6, 12, 9, 11]
Solution 15 for n=18: [15, 1, 3, 5, 2, 8, 11, 14, 17, 13, 18, 7, 4, 6, 9, 12, 10, 16]
Solution 16 for n=18: [16, 1, 3, 5, 2, 8, 12, 17, 15, 13, 18, 10, 7, 4, 6, 11, 9, 14]
Solution 17 for n=18: [17, 1, 3, 5, 2, 9, 13, 15, 18, 12, 6, 16, 11, 7, 4, 10, 8, 14]
Solution 18 for n=18: [18, 1, 3, 5, 2, 8, 11, 15, 7, 16, 14, 17, 4, 6, 9, 12, 10, 13]
Solution 1 for n=19: [1, 3, 5, 2, 4, 9, 13, 15, 17, 19, 7, 16, 18, 11, 6, 8, 10, 12, 14]
Solution 2 for n=19: [2, 4, 1, 3, 5, 9, 13, 15, 17, 19, 7, 16, 18, 11, 6, 8, 10, 12, 14]
Solution 3 for n=19: [3, 1, 4, 2, 5, 9, 13, 15, 17, 19, 7, 16, 18, 11, 6, 8, 10, 12, 14]
Solution 4 for n=19: [4, 1, 3, 5, 2, 10, 15, 13, 16, 19, 7, 18, 6, 12, 17, 8, 11, 9, 14]
Solution 5 for n=19: [5, 1, 4, 6, 3, 9, 13, 18, 14, 17, 19, 2, 8, 10, 7, 16, 11, 15, 12]
Solution 6 for n=19: [6, 1, 3, 5, 7, 4, 13, 16, 19, 17, 14, 2, 9, 18, 8, 10, 12, 15, 11]
Solution 7 for n=19: [7, 1, 3, 5, 2, 8, 14, 12, 17, 19, 16, 6, 4, 10, 18, 9, 15, 13, 11]
Solution 8 for n=19: [8, 1, 3, 6, 2, 7, 10, 16, 13, 19, 17, 4, 18, 5, 11, 9, 15, 12, 14]
Solution 9 for n=19: [9, 1, 3, 5, 2, 8, 10, 14, 18, 15, 4, 19, 17, 6, 11, 7, 12, 16, 13]
Solution 10 for n=19: [10, 1, 3, 5, 2, 4, 9, 15, 17, 14, 16, 6, 19, 7, 18, 12, 8, 13, 11]
Solution 11 for n=19: [11, 1, 3, 5, 2, 4, 10, 13, 16, 19, 15, 18, 6, 8, 17, 12, 7, 9, 14]
Solution 12 for n=19: [12, 1, 3, 5, 2, 4, 9, 15, 13, 18, 16, 8, 19, 17, 6, 10, 7, 11, 14]
Solution 13 for n=19: [13, 1, 3, 5, 2, 4, 10, 14, 16, 19, 15, 8, 18, 7, 17, 11, 6, 12, 9]
Solution 14 for n=19: [14, 1, 3, 5, 2, 4, 9, 13, 15, 17, 19, 7, 16, 18, 11, 6, 8, 10, 12]
Solution 15 for n=19: [15, 1, 3, 5, 2, 4, 11, 14, 12, 18, 16, 19, 6, 9, 17, 8, 13, 7, 10]
Solution 16 for n=19: [16, 1, 3, 5, 2, 4, 11, 13, 15, 17, 19, 14, 7, 9, 18, 6, 8, 10, 12]
Solution 17 for n=19: [17, 1, 3, 5, 2, 4, 12, 14, 11, 18, 15, 19, 16, 7, 10, 8, 6, 9, 13]
Solution 18 for n=19: [18, 1, 3, 5, 2, 8, 13, 15, 17, 14, 7, 4, 16, 19, 10, 6, 11, 9, 12]
Solution 19 for n=19: [19, 1, 3, 5, 2, 9, 14, 16, 18, 15, 7, 4, 17, 12, 8, 6, 11, 13, 10]
Solution 1 for n=20: [1, 3, 5, 2, 4, 13, 15, 12, 18, 20, 17, 9, 16, 19, 8, 10, 7, 14, 6, 11]
Solution 2 for n=20: [2, 4, 1, 3, 5, 13, 15, 12, 18, 20, 17, 9, 16, 19, 8, 10, 7, 14, 6, 11]
Solution 3 for n=20: [3, 1, 4, 2, 5, 13, 15, 12, 18, 20, 17, 9, 16, 19, 8, 10, 7, 14, 6, 11]
Solution 4 for n=20: [4, 1, 3, 5, 2, 12, 16, 13, 17, 20, 18, 10, 15, 6, 19, 9, 7, 14, 8, 11]
Solution 5 for n=20: [5, 1, 4, 6, 3, 9, 14, 18, 15, 19, 16, 20, 10, 8, 2, 12, 17, 7, 11, 13]
Solution 6 for n=20: [6, 1, 3, 5, 7, 9, 13, 16, 18, 20, 15, 19, 4, 11, 8, 2, 12, 10, 17, 14]
Solution 7 for n=20: [7, 1, 3, 5, 2, 8, 15, 18, 16, 13, 20, 17, 6, 10, 19, 4, 11, 9, 14, 12]
Solution 8 for n=20: [8, 1, 3, 6, 2, 7, 15, 19, 12, 16, 20, 17, 11, 18, 5, 9, 13, 10, 4, 14]
Solution 9 for n=20: [9, 1, 3, 5, 2, 8, 10, 17, 14, 20, 18, 16, 19, 12, 6, 11, 7, 4, 15, 13]
Solution 10 for n=20: [10, 1, 3, 5, 2, 4, 13, 15, 17, 20, 14, 16, 9, 19, 6, 18, 7, 11, 8, 12]
Solution 11 for n=20: [11, 1, 3, 5, 2, 4, 12, 14, 16, 19, 13, 20, 17, 7, 18, 10, 6, 9, 15, 8]
Solution 12 for n=20: [12, 1, 3, 5, 2, 4, 11, 18, 14, 17, 19, 8, 16, 20, 6, 9, 7, 10, 13, 15]
Solution 13 for n=20: [13, 1, 3, 5, 2, 4, 10, 15, 18, 14, 17, 20, 7, 19, 6, 9, 12, 8, 11, 16]
Solution 14 for n=20: [14, 1, 3, 5, 2, 4, 9, 16, 13, 17, 20, 18, 6, 19, 10, 7, 11, 8, 15, 12]
Solution 15 for n=20: [15, 1, 3, 5, 2, 4, 10, 13, 16, 19, 17, 20, 9, 6, 8, 18, 7, 12, 14, 11]
Solution 16 for n=20: [16, 1, 3, 5, 2, 4, 9, 19, 13, 15, 17, 20, 6, 10, 18, 7, 12, 8, 11, 14]
Solution 17 for n=20: [17, 1, 3, 5, 2, 4, 9, 13, 18, 20, 15, 19, 16, 10, 8, 6, 11, 7, 14, 12]
Solution 18 for n=20: [18, 1, 3, 5, 2, 4, 9, 14, 12, 19, 16, 20, 17, 6, 10, 7, 11, 8, 15, 13]
Solution 19 for n=20: [19, 1, 3, 5, 2, 4, 9, 14, 16, 20, 15, 17, 6, 10, 18, 7, 11, 13, 8, 12]
Solution 20 for n=20: [20, 1, 3, 5, 2, 4, 10, 16, 14, 17, 7, 18, 15, 6, 19, 9, 12, 8, 13, 11]
Solution 1 for n=21: [1, 3, 5, 2, 4, 9, 11, 15, 21, 18, 20, 17, 19, 7, 12, 10, 8, 6, 14, 16, 13]
Solution 2 for n=21: [2, 4, 1, 3, 5, 9, 11, 15, 21, 18, 20, 17, 19, 7, 12, 10, 8, 6, 14, 16, 13]
Solution 3 for n=21: [3, 1, 4, 2, 5, 9, 11, 15, 21, 18, 20, 17, 19, 7, 12, 10, 8, 6, 14, 16, 13]
Solution 4 for n=21: [4, 1, 3, 5, 2, 8, 11, 15, 21, 18, 20, 17, 19, 12, 9, 6, 10, 7, 14, 16, 13]
Solution 5 for n=21: [5, 1, 4, 6, 3, 9, 12, 15, 19, 16, 20, 2, 21, 10, 7, 11, 8, 18, 13, 17, 14]
Solution 6 for n=21: [6, 1, 3, 5, 7, 2, 11, 18, 15, 17, 19, 21, 4, 8, 10, 13, 20, 16, 9, 12, 14]
Solution 7 for n=21: [7, 1, 3, 5, 2, 4, 10, 17, 19, 14, 16, 20, 9, 21, 6, 18, 12, 8, 11, 13, 15]
Solution 8 for n=21: [8, 1, 3, 6, 2, 7, 10, 16, 18, 21, 15, 4, 19, 9, 20, 5, 13, 11, 17, 14, 12]
Solution 9 for n=21: [9, 1, 3, 5, 2, 8, 10, 12, 19, 16, 18, 21, 6, 4, 20, 7, 15, 13, 11, 14, 17]
Solution 10 for n=21: [10, 1, 3, 5, 2, 4, 9, 11, 17, 20, 18, 16, 7, 19, 21, 6, 8, 13, 15, 12, 14]
Solution 11 for n=21: [11, 1, 3, 5, 2, 4, 9, 12, 18, 16, 19, 6, 20, 17, 8, 21, 7, 14, 10, 15, 13]
Solution 12 for n=21: [12, 1, 3, 5, 2, 4, 9, 11, 16, 18, 15, 21, 19, 7, 20, 8, 6, 13, 10, 14, 17]
Solution 13 for n=21: [13, 1, 3, 5, 2, 4, 9, 11, 15, 21, 18, 20, 17, 19, 7, 12, 10, 8, 6, 14, 16]
Solution 14 for n=21: [14, 1, 3, 5, 2, 4, 9, 11, 15, 18, 20, 17, 8, 21, 19, 6, 10, 7, 13, 16, 12]
Solution 15 for n=21: [15, 1, 3, 5, 2, 4, 10, 12, 16, 20, 17, 21, 18, 8, 6, 11, 19, 14, 7, 9, 13]
Solution 16 for n=21: [16, 1, 3, 5, 2, 4, 9, 11, 17, 15, 21, 18, 20, 8, 19, 12, 6, 13, 10, 7, 14]
Solution 17 for n=21: [17, 1, 3, 5, 2, 4, 9, 11, 16, 19, 15, 20, 18, 7, 21, 6, 13, 10, 8, 14, 12]
Solution 18 for n=21: [18, 1, 3, 5, 2, 4, 10, 13, 16, 14, 19, 21, 9, 20, 17, 7, 11, 8, 12, 15, 6]
Solution 19 for n=21: [19, 1, 3, 5, 2, 4, 11, 13, 15, 17, 20, 14, 21, 8, 18, 7, 12, 10, 6, 16, 9]
Solution 20 for n=21: [20, 1, 3, 5, 2, 4, 13, 11, 14, 17, 19, 21, 15, 18, 7, 10, 8, 6, 12, 9, 16]
Solution 21 for n=21: [21, 1, 3, 5, 2, 8, 10, 16, 18, 15, 17, 6, 20, 12, 19, 7, 4, 13, 11, 9, 14]
Solution 1 for n=22: [1, 3, 5, 2, 4, 10, 14, 17, 20, 13, 19, 22, 18, 8, 21, 12, 9, 6, 16, 7, 11, 15]
Solution 2 for n=22: [2, 4, 1, 3, 5, 10, 14, 17, 20, 13, 19, 22, 18, 8, 21, 12, 9, 6, 16, 7, 11, 15]
Solution 3 for n=22: [3, 1, 4, 2, 5, 10, 14, 17, 20, 13, 19, 22, 18, 8, 21, 12, 9, 6, 16, 7, 11, 15]
Solution 4 for n=22: [4, 1, 3, 5, 2, 10, 13, 18, 16, 21, 19, 17, 22, 7, 9, 11, 6, 20, 15, 8, 12, 14]
Solution 5 for n=22: [5, 1, 4, 6, 3, 9, 12, 14, 19, 21, 18, 20, 22, 10, 15, 11, 8, 2, 7, 17, 13, 16]
Solution 6 for n=22: [6, 1, 3, 5, 7, 2, 14, 17, 20, 16, 21, 15, 10, 22, 19, 8, 11, 4, 12, 18, 9, 13]
Solution 7 for n=22: [7, 1, 3, 5, 2, 8, 10, 19, 16, 18, 21, 17, 22, 12, 9, 20, 6, 4, 14, 11, 13, 15]
Solution 8 for n=22: [8, 1, 3, 6, 2, 7, 10, 16, 20, 15, 21, 18, 22, 12, 19, 5, 11, 9, 4, 13, 17, 14]
Solution 9 for n=22: [9, 1, 3, 5, 2, 8, 10, 12, 18, 20, 22, 17, 19, 21, 13, 6, 4, 7, 15, 11, 16, 14]
Solution 10 for n=22: [10, 1, 3, 5, 2, 4, 11, 14, 22, 18, 21, 17, 20, 9, 6, 19, 7, 12, 8, 16, 13, 15]
Solution 11 for n=22: [11, 1, 3, 5, 2, 4, 9, 15, 17, 21, 16, 18, 22, 10, 19, 6, 20, 7, 13, 8, 12, 14]
Solution 12 for n=22: [12, 1, 3, 5, 2, 4, 9, 14, 16, 20, 15, 21, 18, 22, 8, 19, 11, 6, 10, 7, 13, 17]
Solution 13 for n=22: [13, 1, 3, 5, 2, 4, 9, 12, 17, 15, 20, 22, 19, 21, 18, 7, 11, 6, 8, 10, 16, 14]
Solution 14 for n=22: [14, 1, 3, 5, 2, 4, 9, 11, 19, 17, 22, 18, 21, 6, 20, 7, 12, 8, 13, 16, 10, 15]
Solution 15 for n=22: [15, 1, 3, 5, 2, 4, 10, 12, 18, 16, 19, 22, 20, 9, 6, 21, 7, 11, 13, 8, 17, 14]
Solution 16 for n=22: [16, 1, 3, 5, 2, 4, 9, 11, 18, 20, 17, 19, 21, 10, 8, 6, 22, 7, 13, 15, 12, 14]
Solution 17 for n=22: [17, 1, 3, 5, 2, 4, 9, 11, 15, 21, 19, 22, 7, 18, 20, 12, 6, 8, 10, 13, 16, 14]
Solution 18 for n=22: [18, 1, 3, 5, 2, 4, 9, 12, 17, 19, 21, 15, 20, 10, 8, 6, 22, 7, 11, 14, 16, 13]
Solution 19 for n=22: [19, 1, 3, 5, 2, 4, 9, 13, 15, 18, 20, 22, 17, 21, 11, 6, 10, 7, 14, 12, 8, 16]
Solution 20 for n=22: [20, 1, 3, 5, 2, 4, 9, 11, 19, 15, 18, 21, 17, 10, 7, 22, 6, 8, 12, 14, 16, 13]
Solution 21 for n=22: [21, 1, 3, 5, 2, 4, 9, 11, 15, 17, 19, 22, 7, 18, 20, 12, 6, 8, 10, 13, 16, 14]
Solution 22 for n=22: [22, 1, 3, 5, 2, 4, 9, 11, 15, 21, 18, 20, 17, 19, 7, 12, 10, 8, 6, 14, 16, 13]
Solution 1 for n=23: [1, 3, 5, 2, 4, 9, 11, 13, 18, 20, 22, 19, 21, 10, 8, 6, 23, 7, 16, 12, 15, 17, 14]
Solution 2 for n=23: [2, 4, 1, 3, 5, 9, 11, 13, 18, 20, 22, 19, 21, 10, 8, 6, 23, 7, 16, 12, 15, 17, 14]
Solution 3 for n=23: [3, 1, 4, 2, 5, 9, 11, 13, 18, 20, 22, 19, 21, 10, 8, 6, 23, 7, 16, 12, 15, 17, 14]
Solution 4 for n=23: [4, 1, 3, 5, 2, 8, 11, 13, 17, 21, 18, 22, 19, 23, 7, 12, 6, 9, 14, 10, 15, 20, 16]
Solution 5 for n=23: [5, 1, 4, 6, 3, 9, 2, 13, 18, 20, 17, 23, 21, 10, 22, 7, 14, 8, 19, 12, 15, 11, 16]
Solution 6 for n=23: [6, 1, 3, 5, 7, 2, 10, 12, 20, 17, 23, 21, 19, 22, 13, 9, 4, 8, 11, 15, 18, 16, 14]
Solution 7 for n=23: [7, 1, 3, 5, 2, 4, 9, 16, 19, 21, 18, 15, 22, 8, 10, 20, 6, 23, 11, 13, 17, 12, 14]
Solution 8 for n=23: [8, 1, 3, 6, 2, 7, 5, 12, 18, 20, 14, 23, 21, 19, 4, 22, 9, 13, 10, 16, 11, 15, 17]
Solution 9 for n=23: [9, 1, 3, 5, 2, 8, 10, 4, 18, 21, 15, 17, 23, 20, 22, 6, 11, 7, 14, 12, 19, 13, 16]
Solution 10 for n=23: [10, 1, 3, 5, 2, 4, 9, 11, 16, 22, 19, 23, 18, 20, 7, 12, 21, 6, 8, 13, 15, 17, 14]
Solution 11 for n=23: [11, 1, 3, 5, 2, 4, 9, 12, 14, 22, 20, 18, 16, 21, 23, 6, 8, 10, 7, 13, 15, 17, 19]
Solution 12 for n=23: [12, 1, 3, 5, 2, 4, 9, 11, 15, 23, 18, 20, 22, 8, 19, 21, 6, 13, 7, 10, 17, 14, 16]
Solution 13 for n=23: [13, 1, 3, 5, 2, 4, 9, 11, 14, 17, 22, 18, 21, 23, 6, 20, 7, 10, 12, 15, 8, 16, 19]
Solution 14 for n=23: [14, 1, 3, 5, 2, 4, 9, 11, 13, 17, 19, 21, 23, 20, 6, 10, 22, 7, 12, 8, 16, 18, 15]
Solution 15 for n=23: [15, 1, 3, 5, 2, 4, 10, 12, 14, 16, 20, 23, 21, 7, 22, 6, 19, 9, 13, 8, 17, 11, 18]
Solution 16 for n=23: [16, 1, 3, 5, 2, 4, 9, 11, 13, 17, 20, 22, 19, 7, 23, 21, 8, 6, 14, 10, 15, 18, 12]
Solution 17 for n=23: [17, 1, 3, 5, 2, 4, 9, 11, 13, 15, 19, 21, 23, 20, 22, 12, 6, 8, 10, 7, 14, 16, 18]
Solution 18 for n=23: [18, 1, 3, 5, 2, 4, 9, 12, 14, 17, 19, 21, 23, 8, 11, 22, 20, 7, 10, 15, 13, 6, 16]
Solution 19 for n=23: [19, 1, 3, 5, 2, 4, 9, 11, 15, 20, 16, 23, 21, 18, 22, 7, 12, 8, 6, 13, 10, 14, 17]
Solution 20 for n=23: [20, 1, 3, 5, 2, 4, 9, 11, 14, 19, 17, 23, 21, 18, 22, 6, 10, 13, 7, 16, 12, 8, 15]
Solution 21 for n=23: [21, 1, 3, 5, 2, 4, 9, 12, 15, 17, 19, 22, 16, 23, 20, 7, 11, 8, 6, 13, 10, 14, 18]
Solution 22 for n=23: [22, 1, 3, 5, 2, 4, 10, 12, 15, 17, 19, 21, 23, 7, 20, 18, 9, 13, 6, 8, 11, 16, 14]
Solution 23 for n=23: [23, 1, 3, 5, 2, 4, 11, 13, 18, 12, 19, 22, 20, 17, 21, 9, 6, 10, 7, 15, 8, 16, 14]
Solution 1 for n=24: [1, 3, 5, 2, 4, 9, 11, 14, 18, 22, 19, 23, 20, 24, 10, 21, 6, 8, 12, 16, 13, 7, 17, 15]
Solution 2 for n=24: [2, 4, 1, 3, 5, 9, 11, 14, 18, 22, 19, 23, 20, 24, 10, 21, 6, 8, 12, 16, 13, 7, 17, 15]
Solution 3 for n=24: [3, 1, 4, 2, 5, 9, 11, 14, 18, 22, 19, 23, 20, 24, 10, 21, 6, 8, 12, 16, 13, 7, 17, 15]
Solution 4 for n=24: [4, 1, 3, 5, 2, 8, 12, 17, 15, 20, 22, 24, 21, 18, 7, 23, 10, 13, 9, 6, 19, 16, 14, 11]
Solution 5 for n=24: [5, 1, 4, 6, 3, 9, 7, 14, 19, 22, 20, 17, 24, 21, 23, 11, 8, 15, 2, 10, 13, 18, 16, 12]
Solution 6 for n=24: [6, 1, 3, 5, 7, 2, 10, 12, 19, 21, 23, 18, 20, 22, 24, 13, 9, 4, 8, 15, 11, 16, 14, 17]
Solution 7 for n=24: [7, 1, 3, 5, 2, 4, 10, 17, 23, 14, 22, 19, 21, 24, 20, 6, 12, 9, 11, 8, 15, 18, 16, 13]
Solution 8 for n=24: [8, 1, 3, 6, 2, 7, 5, 17, 19, 22, 15, 23, 18, 9, 21, 24, 20, 12, 10, 4, 13, 11, 16, 14]
Solution 9 for n=24: [9, 1, 3, 5, 2, 8, 10, 12, 18, 20, 23, 17, 24, 21, 13, 22, 7, 14, 4, 6, 15, 11, 16, 19]
Solution 10 for n=24: [10, 1, 3, 5, 2, 4, 9, 11, 21, 16, 18, 22, 24, 19, 23, 20, 7, 13, 8, 12, 14, 6, 17, 15]
Solution 11 for n=24: [11, 1, 3, 5, 2, 4, 9, 12, 15, 19, 22, 24, 21, 17, 20, 23, 8, 10, 13, 6, 16, 18, 7, 14]
Solution 12 for n=24: [12, 1, 3, 5, 2, 4, 9, 11, 17, 19, 21, 24, 18, 20, 22, 6, 13, 7, 23, 8, 14, 16, 10, 15]
Solution 13 for n=24: [13, 1, 3, 5, 2, 4, 9, 11, 15, 19, 16, 22, 24, 21, 23, 20, 6, 14, 7, 10, 12, 17, 8, 18]
Solution 14 for n=24: [14, 1, 3, 5, 2, 4, 9, 11, 13, 18, 20, 22, 24, 19, 21, 23, 7, 12, 8, 15, 17, 10, 6, 16]
Solution 15 for n=24: [15, 1, 3, 5, 2, 4, 10, 12, 14, 16, 20, 22, 24, 21, 23, 6, 19, 7, 11, 13, 8, 17, 9, 18]
Solution 16 for n=24: [16, 1, 3, 5, 2, 4, 9, 11, 13, 19, 21, 18, 24, 22, 20, 23, 8, 6, 14, 7, 10, 12, 15, 17]
Solution 17 for n=24: [17, 1, 3, 5, 2, 4, 9, 11, 13, 19, 22, 18, 21, 24, 20, 23, 6, 8, 12, 7, 15, 10, 14, 16]
Solution 18 for n=24: [18, 1, 3, 5, 2, 4, 9, 12, 14, 16, 22, 24, 21, 23, 6, 19, 7, 11, 13, 8, 10, 17, 15, 20]
Solution 19 for n=24: [19, 1, 3, 5, 2, 4, 9, 11, 13, 17, 22, 24, 21, 23, 20, 8, 6, 14, 12, 10, 7, 16, 18, 15]
Solution 20 for n=24: [20, 1, 3, 5, 2, 4, 9, 11, 13, 19, 22, 18, 23, 21, 10, 24, 6, 8, 15, 12, 7, 16, 14, 17]
Solution 21 for n=24: [21, 1, 3, 5, 2, 4, 9, 11, 14, 18, 22, 24, 17, 20, 6, 23, 12, 8, 13, 7, 10, 15, 19, 16]
Solution 22 for n=24: [22, 1, 3, 5, 2, 4, 9, 11, 13, 17, 23, 21, 19, 6, 20, 24, 8, 12, 7, 16, 10, 15, 18, 14]
Solution 23 for n=24: [23, 1, 3, 5, 2, 4, 9, 11, 13, 17, 19, 21, 24, 7, 20, 22, 6, 14, 10, 8, 15, 12, 18, 16]
Solution 24 for n=24: [24, 1, 3, 5, 2, 4, 9, 11, 13, 19, 17, 22, 20, 6, 23, 21, 7, 12, 8, 16, 14, 10, 18, 15]
Solution 1 for n=25: [1, 3, 5, 2, 4, 9, 11, 13, 15, 19, 21, 24, 20, 25, 23, 6, 8, 10, 7, 14, 16, 18, 12, 17, 22]
Solution 2 for n=25: [2, 4, 1, 3, 5, 9, 11, 13, 15, 19, 21, 24, 20, 25, 23, 6, 8, 10, 7, 14, 16, 18, 12, 17, 22]
Solution 3 for n=25: [3, 1, 4, 2, 5, 9, 11, 13, 15, 19, 21, 24, 20, 25, 23, 6, 8, 10, 7, 14, 16, 18, 12, 17, 22]
Solution 4 for n=25: [4, 1, 3, 5, 2, 8, 11, 13, 15, 19, 24, 20, 23, 25, 22, 9, 6, 10, 14, 7, 17, 12, 21, 18, 16]
Solution 5 for n=25: [5, 1, 4, 6, 3, 9, 2, 13, 15, 20, 18, 23, 25, 22, 24, 10, 17, 7, 12, 8, 11, 19, 14, 16, 21]
Solution 6 for n=25: [6, 1, 3, 5, 7, 2, 4, 12, 17, 20, 22, 15, 25, 21, 24, 9, 23, 16, 10, 8, 11, 14, 18, 13, 19]
Solution 7 for n=25: [7, 1, 3, 5, 2, 4, 9, 11, 16, 20, 23, 25, 18, 22, 24, 10, 21, 6, 14, 12, 8, 13, 19, 17, 15]
Solution 8 for n=25: [8, 1, 3, 6, 2, 7, 5, 11, 17, 20, 16, 24, 22, 25, 19, 4, 23, 10, 13, 9, 12, 15, 18, 14, 21]
Solution 9 for n=25: [9, 1, 3, 5, 2, 8, 10, 4, 13, 22, 18, 21, 23, 25, 20, 14, 6, 24, 7, 11, 16, 12, 15, 17, 19]
Solution 10 for n=25: [10, 1, 3, 5, 2, 4, 9, 11, 14, 18, 24, 22, 20, 25, 21, 6, 13, 7, 23, 12, 8, 15, 17, 19, 16]
Solution 11 for n=25: [11, 1, 3, 5, 2, 4, 9, 12, 14, 16, 20, 23, 25, 22, 18, 6, 24, 7, 10, 8, 13, 15, 17, 19, 21]
Solution 12 for n=25: [12, 1, 3, 5, 2, 4, 9, 11, 13, 16, 23, 20, 22, 6, 25, 21, 24, 7, 10, 8, 15, 17, 19, 14, 18]
Solution 13 for n=25: [13, 1, 3, 5, 2, 4, 9, 11, 14, 16, 21, 19, 24, 6, 23, 25, 7, 22, 10, 8, 15, 17, 12, 20, 18]
Solution 14 for n=25: [14, 1, 3, 5, 2, 4, 9, 11, 13, 15, 21, 19, 22, 25, 23, 8, 6, 24, 10, 7, 16, 12, 17, 20, 18]
Solution 15 for n=25: [15, 1, 3, 5, 2, 4, 10, 12, 14, 16, 19, 21, 23, 25, 7, 11, 24, 6, 9, 22, 8, 13, 17, 20, 18]
Solution 16 for n=25: [16, 1, 3, 5, 2, 4, 9, 11, 13, 15, 19, 22, 25, 23, 21, 7, 24, 8, 14, 12, 10, 6, 17, 20, 18]
Solution 17 for n=25: [17, 1, 3, 5, 2, 4, 9, 11, 13, 15, 20, 22, 24, 7, 21, 23, 25, 14, 8, 10, 12, 6, 18, 16, 19]
Solution 18 for n=25: [18, 1, 3, 5, 2, 4, 9, 12, 14, 16, 19, 22, 24, 21, 6, 25, 7, 11, 8, 23, 15, 17, 10, 20, 13]
Solution 19 for n=25: [19, 1, 3, 5, 2, 4, 9, 11, 13, 15, 18, 22, 25, 23, 21, 24, 7, 12, 8, 6, 14, 17, 10, 20, 16]
Solution 20 for n=25: [20, 1, 3, 5, 2, 4, 9, 11, 13, 15, 17, 22, 24, 21, 23, 25, 7, 12, 14, 6, 8, 10, 19, 16, 18]
Solution 21 for n=25: [21, 1, 3, 5, 2, 4, 9, 11, 14, 16, 20, 23, 25, 18, 22, 24, 8, 10, 15, 13, 6, 17, 7, 12, 19]
Solution 22 for n=25: [22, 1, 3, 5, 2, 4, 9, 11, 13, 17, 21, 24, 18, 20, 23, 25, 7, 12, 14, 6, 8, 15, 19, 16, 10]
Solution 23 for n=25: [23, 1, 3, 5, 2, 4, 9, 11, 13, 16, 21, 19, 24, 22, 20, 25, 6, 10, 15, 7, 12, 8, 17, 14, 18]
Solution 24 for n=25: [24, 1, 3, 5, 2, 4, 9, 11, 13, 19, 17, 22, 20, 25, 23, 21, 6, 14, 12, 7, 15, 8, 18, 16, 10]
Solution 25 for n=25: [25, 1, 3, 5, 2, 4, 9, 11, 14, 20, 22, 19, 21, 18, 24, 8, 23, 7, 10, 15, 6, 16, 13, 17, 12]
