n=4: [2, 4, 1, 3]
n=5: [1, 3, 5, 2, 4]
n=6: [2, 4, 6, 1, 3, 5]
n=7: [1, 3, 5, 7, 2, 4, 6]
n=8: [1, 5, 8, 6, 3, 7, 2, 4]
n=9: [1, 3, 6, 8, 2, 4, 9, 7, 5]
n=10: [1, 3, 6, 8, 10, 5, 9, 2, 4, 7]
n=11: [1, 3, 5, 7, 9, 11, 2, 4, 6, 8, 10]
n=12: [1, 3, 5, 8, 10, 12, 6, 11, 2, 7, 9, 4]
n=13: [1, 3, 5, 2, 9, 12, 10, 13, 4, 6, 8, 11, 7]
n=14: [1, 3, 5, 7, 12, 10, 13, 4, 14, 9, 2, 6, 8, 11]
n=15: [1, 3, 5, 2, 10, 12, 14, 4, 13, 9, 6, 15, 7, 11, 8]
n=16: [1, 3, 5, 2, 13, 9, 14, 12, 15, 6, 16, 7, 4, 11, 8, 10]
n=17: [1, 3, 5, 2, 8, 11, 15, 7, 16, 14, 17, 4, 6, 9, 12, 10, 13]
n=18: [1, 3, 5, 2, 8, 15, 12, 16, 13, 17, 6, 18, 7, 4, 11, 9, 14, 10]
n=19: [1, 3, 5, 2, 4, 9, 13, 15, 17, 19, 7, 16, 18, 11, 6, 8, 10, 12, 14]
n=20: [1, 3, 5, 2, 4, 13, 15, 12, 18, 20, 17, 9, 16, 19, 8, 10, 7, 14, 6, 11]
n=21: [1, 3, 5, 2, 4, 9, 11, 15, 21, 18, 20, 17, 19, 7, 12, 10, 8, 6, 14, 16, 13]
